720258 04997 ISEDOR IVERSON                 2014 2222 2007 2232 2159 2232  801    0    0    0    0    0    0
720283 04927 FILLMORE CO                    2014 2243 2024 2257 2188 2258  812    0    0    0    0    0    0
720367 99999 PAYNESVILLE MUNI               2014  802  665  794 1672 1733   81    0    0    0    0    0    0
720386 99999 WILLMAR MUNI RICE FL           2014 2062 1996 2233 2155 2212  784    0    0    0    0    0    0
720972 99999 ST MARY HOSPITAL HEL           2014 2216 1994 2230 2157 2220  785    0    0    0    0    0    0
722003 54930 STANTON AIRFIELD               2014 2224 2008 2232 2159 2231  801    0    0    0    0    0    0
722006 54926 LUVERNE QUENTIN AANE           2014 2224 1980 2232 2160 2232  800    0    0    0    0    0    0
722032 54916 WASECA MUNI                    2014 2224 2007 2211 2160 2226  801    0    0    0    0    0    0
722033 04999 GRANITE FALLS MUNI             2014 2225 2006 2232 2161 2230  801    0    0    0    0    0    0
722129 04939 MOORHEAD MUNI                  2014 2224 2007 2208 2030 2231  801    0    0    0    0    0    0
722144 04945 MAPLE LAKE MUNICIPAL           2014 2225 2006 2233 2162 2221  751    0    0    0    0    0    0
722168 04960 OLIVIA RGNL                    2014 2224 2007 2232 2160 2232  801    0    0    0    0    0    0
722252 54923 MYERS FIELD                    2014 1973 2008 2235 2160 2232  798    0    0    0    0    0    0
722342 54931 TRACY MUNI                     2014 2225 2008 2232 2160 2226  802    0    0    0    0    0    0
726440 14925 ROCHESTER MUNICIPAL            2014 1458 1116 1135 1232 1064  369    0    0    0    0    0    0
726466 54917 APPLETON MUNI ARPT             2014 2227 2000 2234 2163 2232  802    0    0    0    0    0    0
726544 04958 ORR RGNL                       2014 2224 2000 2232 2161 2233  803    0    0    0    0    0    0
726547 04931 GLENWOOD MUNI                  2014 2226 2007 2238 2160 2231  801    0    0    0    0    0    0
726548 04971 WARROAD INTL                   2014 2200 1958 2232 2160 2218  802    0    0    0    0    0    0
726549 54905 COOK MUNI                      2014 2195 2007 2223 2169 2246  818    0    0    0    0    0    0
726550 14926 ST. CLOUD MUNICIPAL            2014 1064  885  949 1009  991  360    0    0    0    0    0    0
726553 04951 MONTEVIDEO CHIPPEWA            2014 2204 2003 2233 2160 2228  801    0    0    0    0    0    0
726554 54906 ST JAMES MUNI                  2014 2224 2007 2232 2159 2234  795    0    0    0    0    0    0
726555 94938 BRAINERD LAKES RGNL            2014 1213  954 1017 1050 1058  414    0    0    0    0    0    0
726556 14992 REDWOOD FALLS MUNI             2014 1180  928  977 1023  974  372    0    0    0    0    0    0
726557 14910 CHANDLER FLD                   2014 1289  989 1017 1006  964  384    0    0    0    0    0    0
726558 04914 CLOQUET CARLTON CO             2014 2198 2007 2232 2158 2147  800    0    0    0    0    0    0
726559 94976 SW MINNESOTA RGNL              2014 2231 2016 2231 2160 2231  810    0    0    0    0    0    0
726561 94997 WADENA                         2014 2224 2008 2237 2160 2234  793    0    0    0    0    0    0
726562 04943 AIRLAKE                        2014 2224 2009 2232 2160 2230  799    0    0    0    0    0    0
726563 94969 FARIBAULT MUNI                 2014 2189 2007 2232 2160 2225  800    0    0    0    0    0    0
726564 04967 RED WING RGNL                  2014 2146 2007 2233 2186 2253  812    0    0    0    0    0    0
726565 04948 MORRIS MUNI                    2014 2224 2007 2230 2160 2232  798    0    0    0    0    0    0
726566 04965 PIPESTONE MUNI                 2014 2224 2007 2232 2159 2231  778    0    0    0    0    0    0
726567 04980 NEW ULM MUNI                   2014 2213 2007 2232 2160 2232  799    0    0    0    0    0    0
726568 04961 OWATONNA DEGNER RGNL           2014 2120 1998 2232 2163 2235  801    0    0    0    0    0    0
726569 04933 HUTCHINSON MUNI BUTL           2014 2223 2008 2232 2160 2232  793    0    0    0    0    0    0
726575 94960 CRYSTAL                        2014 1012  874  907  997  981  380    0    0    0    0    0    0
726577 94974 ANOKA CO BLAINE                2014 1303 1133 1244 1200 1390  500    0    0    0    0    0    0
726578 04944 LITTLE FALLS MORRISO           2014 2222 2007 2225 2159 2227  801    0    0    0    0    0    0
726579 94963 FLYING CLOUD                   2014 1058  885  931 1070  973  365    0    0    0    0    0    0
726580 14922 MINNEAPOLIS/ST.PAUL            2014 1207  982 1078 1136 1123  394    0    0    0    0    0    0
726583 04941 LITCHFIELD MUNI                2014 2224 2007 2232 2160 2213  801    0    0    0    0    0    0
726584 14927 ST PAUL DOWNTOWN HO            2014 1076  821  922 1067 1014  376    0    0    0    0    0    0
726585 14954 MANKATA RGNL ARPT              2014 2232 2017 2231 2161 2233  809    0    0    0    0    0    0
726586 94948 FAIRMONT MUNI(AWOS)            2014 2232 2016 2231 2160 2231  810    0    0    0    0    0    0
726587 94927 WORTHINGTON MUNI               2014 2232 2015 2230 2160 2231  810    0    0    0    0    0    0
726588 04956 WINONA MUNI CONRAD F           2014 2246 2029 2254 2186 2265  814    0    0    0    0    0    0
726589 94968 ALBERT LEA (AWOS)              2014 2231 2011 2237 2163 2234  802    0    0    0    0    0    0
726593 04946 JACKSON MUNI                   2014 2228 2007 2026 2160 2219  799    0    0    0    0    0    0
726596 04978 DODGE CENTER                   2014 2224 2007 2232 2160 2233  799    0    0    0    0    0    0
726603 04974 SOUTH ST PAUL MUNI             2014 2224 2008 2232 2160 2232  799    0    0    0    0    0    0
726679 04969 RUSH CITY RGNL                 2014 2226 2008 2233 2159 2202  796    0    0    0    0    0    0
726682 54914 PRINCETON MUNI                 2014 2224 2007 2232 2159 2232  801    0    0    0    0    0    0
727444 04979 RICHARD B HELGESON             2014 2224 2006 2232 2135 2234  801    0    0    0    0    0    0
727449 04954 MOOSE LAKE CARLTON C           2014 2224 1998 2232 2148 2232  802    0    0    0    0    0    0
727450 14913 DULUTH INTL AIRPORT            2014 1279 1096 1154 1185 1181  468    0    0    0    0    0    0
727452 04912 CROOKSTON MUNI KIRKW           2014 2224 2007 2232 2157 2232  801    0    0    0    0    0    0
727453 94967 PARK RAPIDS MUNI KON           2014 1174  977  977 1024  977  416    0    0    0    0    0    0
727454 04911 GRAND MARAIS COOK CO           2014 2223 2007 2232 2161 2230  802    0    0    0    0    0    0
727455 94931 CHISHOLM HIBBING               2014 1290 1076  978  989 1059  432    0    0    0    0    0    0
727456 04919 SKY HARBOR                     2014 2224 2008 2235 2161 2232  801    0    0    0    0    0    0
727457 94962 DETROIT LAKES WETHIN           2014 2224 2007 2233 2160 2228  801    0    0    0    0    0    0
727458 94919 GRAND RAPIDS ITASCA            2014 2231 2016 2231 2160 2231  807    0    0    0    0    0    0
727459 94964 ELY MUNI                       2014 2224 2007 2226 2160 2234  799    0    0    0    0    0    0
727466 04918 LAC QUI PARLE CO               2014 2224 2004 2232 2160 2232  800    0    0    0    0    0    0
727467 04926 FLAG ISLAND                    2014 2223 2008 2224 2161 2232  801    0    0    0    0    0    0
727468 04928 BIGFORK                        2014 2225 1987 2228 2062 1447  594    0    0    0    0    0    0
727469 94992 GRAND MARIAS                   2014  777  702  777  751  776  282    0    0    0    0    0    0
727470 14918 INTERNATIONAL FALLS            2014 1445 1267 1190 1181 1288  493    0    0    0    0    0    0
727473 94977 CRANE LAKE SEAPLANE            2014 2224 2000 2235 2162 2233  802    0    0    0    0    0    0
727474 04923 EVELETH VIRGINIA MUN           2014 2224 2004 2238 2160 2225  800    0    0    0    0    0    0
727475 04940 MORA MUNI                      2014 2224 2009 2232 2160 2232  801    0    0    0    0    0    0
727476 94961 BAUDETTE INTL                  2014 1311 1101  990  904 1067  374    0    0    0    0    0    0
727477 04970 ROSEAU MUNI BILLBERG           2014 2224 1988 2231 2160 2186  801    0    0    0    0    0    0
727478 04934 HALLOCK MUNI                   2014 2225 2009 2232 2161 2231  803    0    0    0    0    0    0
727486 04983 WASKISH MUNI AIRPT             2014 2224 2007 2232 2159 2183  187    0    0    0    0    0    0
727497 04984 LONGVILLE MUNI                 2014 2225 2000 2232 2107 1867  465    0    0    0    0    0    0
727503 04909 CAMBRIDGE MUNI                 2014 2224 2007 2232 2161 2232  801    0    0    0    0    0    0
727504 94999 AITKIN MUNI KURTZ FL           2014 2225 2008 2233 2159 2232  800    0    0    0    0    0    0
727505 04929 FOSSTON MUNI                   2014 2224 2007 2232 2160 2232  801    0    0    0    0    0    0
727506 04952 WINDOM MUNI                    2014 2225 2007 2232 2160 2232  801    0    0    0    0    0    0
727507 54904 BENSON MUNI                    2014 2225 2009 2232 2160 2230  801    0    0    0    0    0    0
727508 54915 PINE RIVER RGNL                2014 2061 2006 2177 2160 2232  799    0    0    0    0    0    0
727514 54910 STAPLES MUNI                   2014 2224 2007 2233 2160 2232  778    0    0    0    0    0    0
727515 04982 ORTONVILLE MUNI MART           2014 2224 2007 2232 2160 2233  801    0    0    0    0    0    0
727517 04932 GLENCOE MUNI                   2014 2223 2008 2231 2159 2231  797    0    0    0    0    0    0
727533 04922 WHEATON MUNI                   2014 2201 1998 2230 2161 2230  790    0    0    0    0    0    0
727550 14958 BEMIDJI MUNICIPAL              2014 2224 2005 2232 2160 2232  801    0    0    0    0    0    0
727555 94956 THIEF RIVER FALLS RG           2014 2230 2016 2230 2160 2231  796    0    0    0    0    0    0
727556 04905 SILVER BAY MUNI                2014 2225 2001 2233 2163 2234  802    0    0    0    0    0    0
727566 04902 AUSTIN MUNI                    2014 2193 2026 2257 2187 2205  804    0    0    0    0    0    0
744667 99999 RAY S MILLER AAF               2014    0 1021 1137  840  600    0    0    0    0    0    0    0
997259 99999 GRAND MARAIS                   2014  743  671  732  720  740  265    0    0    0    0    0    0
997737 99999 SILVER BAY                     2014  741  669  744  720  739  264    0    0    0    0    0    0
999999 04994 GOODRIDGE 12 NNW               2014 8935 8093 8960 8671 8948 3242    0    0    0    0    0    0
999999 54932 SANDSTONE 6 W                  2014 8960 8093 8960 8671 8960 3242    0    0    0    0    0    0


Total Surface Hourly Observations Available: 1072220
Total Station-Years: 97
